1.000000000000e+06	1.000000000000e+06	1.000000000000e+06	1.000000000000e+06	1.000000000000e+06	1.000000000000e+06	1.000000000000e+06	1.000000000000e+06	1.000000000000e+06	1.000000000000e+06	1.000000000000e+06	1.000000000000e+06	1.000000000000e+06	1.000000000000e+06	1.000000000000e+06	1.000000000000e+06	1.000000000000e+06	1.000000000000e+06	1.000000000000e+06	1.000000000000e+06	1.000000000000e+06	
1.000000000000e+06	1.000000000000e+06	1.000000000000e+06	1.000000000000e+06	1.000000000000e+06	1.000000000000e+06	1.000000000000e+06	1.000000000000e+06	1.000000000000e+06	1.000000000000e+06	1.000000000000e+06	5.093571418990e-01	4.762245599819e-01	4.698645070850e-01	4.858563837414e-01	5.192872418793e-01	1.000000000000e+06	1.000000000000e+06	1.000000000000e+06	1.000000000000e+06	1.000000000000e+06	
1.000000000000e+06	1.000000000000e+06	1.000000000000e+06	1.000000000000e+06	1.000000000000e+06	1.000000000000e+06	1.000000000000e+06	1.000000000000e+06	1.000000000000e+06	5.259623657457e-01	4.555308443628e-01	4.064749981094e-01	3.792455039642e-01	3.797452731474e-01	4.000175875740e-01	4.371552766644e-01	4.902960473141e-01	1.000000000000e+06	1.000000000000e+06	1.000000000000e+06	1.000000000000e+06	
1.000000000000e+06	1.000000000000e+06	1.000000000000e+06	1.000000000000e+06	1.000000000000e+06	1.000000000000e+06	1.000000000000e+06	1.000000000000e+06	5.085475963768e-01	4.231382251892e-01	3.587973310576e-01	3.155213288098e-01	2.943722421831e-01	3.007125775538e-01	3.249000281155e-01	3.653566736653e-01	4.212037246297e-01	4.915834251188e-01	1.000000000000e+06	1.000000000000e+06	1.000000000000e+06	
1.000000000000e+06	1.000000000000e+06	1.000000000000e+06	1.000000000000e+06	1.000000000000e+06	1.000000000000e+06	1.000000000000e+06	5.121151755219e-01	4.119886011751e-01	3.327678581000e-01	2.741434894662e-01	2.362140724193e-01	2.214664291262e-01	2.325565158517e-01	2.603099214333e-01	3.036949702900e-01	3.618465858983e-01	4.339022307961e-01	5.189926651495e-01	1.000000000000e+06	1.000000000000e+06	
1.000000000000e+06	1.000000000000e+06	1.000000000000e+06	1.000000000000e+06	1.000000000000e+06	1.000000000000e+06	5.365064583458e-01	4.218697823738e-01	3.281155236452e-01	2.547692629203e-01	2.014578767502e-01	1.682944981408e-01	1.601575034272e-01	1.751699583387e-01	2.060720039189e-01	2.519819805956e-01	3.120362184993e-01	3.853679363780e-01	4.711066815333e-01	1.000000000000e+06	1.000000000000e+06	
1.000000000000e+06	1.000000000000e+06	1.000000000000e+06	1.000000000000e+06	1.000000000000e+06	1.000000000000e+06	4.525700508150e-01	3.444993506513e-01	2.568492771391e-01	1.890721606535e-01	1.406917761070e-01	1.116604880298e-01	1.100364058114e-01	1.283553354857e-01	1.619901222898e-01	2.100272108626e-01	2.715905552087e-01	3.458093836979e-01	4.318147858142e-01	5.287417909857e-01	1.000000000000e+06	
1.000000000000e+06	1.000000000000e+06	1.000000000000e+06	1.000000000000e+06	1.000000000000e+06	5.040035616720e-01	3.816930159412e-01	2.799206150097e-01	1.980929177652e-01	1.355941528887e-01	9.183335663274e-02	6.647167015218e-02	7.061757369683e-02	9.186508116927e-02	1.278600735540e-01	1.776468114647e-01	2.403413995964e-01	3.150739075512e-01	4.009812869612e-01	4.972086115851e-01	1.000000000000e+06	
1.000000000000e+06	1.000000000000e+06	1.000000000000e+06	1.000000000000e+06	1.000000000000e+06	4.397298782097e-01	3.238469638069e-01	2.280595566896e-01	1.517339196376e-01	9.420823437075e-02	5.481148067180e-02	3.296662504708e-02	4.152759848692e-02	6.548482587803e-02	1.035080481139e-01	1.546873767442e-01	2.181520099665e-01	2.930419891948e-01	3.785057962196e-01	4.737027774550e-01	1.000000000000e+06	
1.000000000000e+06	1.000000000000e+06	1.000000000000e+06	1.000000000000e+06	5.189625896179e-01	3.889143434959e-01	2.791158992019e-01	1.889340409468e-01	1.177054107437e-01	6.475449379443e-02	2.939463262323e-02	1.089789836732e-02	2.286521936613e-02	4.916796793236e-02	8.886038718398e-02	1.410752130061e-01	2.049593586837e-01	2.796674914168e-01	3.643628466878e-01	4.582213020452e-01	1.000000000000e+06	
1.000000000000e+06	1.000000000000e+06	1.000000000000e+06	1.000000000000e+06	4.758088481364e-01	3.520007795085e-01	2.479508391163e-01	1.629634786188e-01	9.629875094111e-02	4.727873782473e-02	1.540058973304e-02	2.030579675453e-07	1.465429342172e-02	4.299431684518e-02	8.411499860174e-02	1.371250930391e-01	2.011536207742e-01	2.753558471064e-01	3.589189452678e-01	4.510672851841e-01	5.510672851841e-01	
1.000000000000e+06	1.000000000000e+06	1.000000000000e+06	1.000000000000e+06	4.478169606145e-01	3.302816347795e-01	2.322192768278e-01	1.531196233974e-01	9.215747071947e-02	4.831924047585e-02	2.037282789484e-02	1.070992017687e-02	2.703978500521e-02	5.647968274188e-02	9.812482748879e-02	1.511126143212e-01	2.145985795253e-01	2.877572731479e-01	3.697858504860e-01	4.599071912482e-01	1.000000000000e+06	
1.000000000000e+06	1.000000000000e+06	1.000000000000e+06	1.000000000000e+06	4.366767416291e-01	3.260443337133e-01	2.343434722003e-01	1.605869393592e-01	1.040279089371e-01	6.393654983162e-02	3.961382028594e-02	3.189318567460e-02	4.950607548452e-02	7.975966761523e-02	1.216711922938e-01	1.743743565248e-01	2.370375601358e-01	3.088530021869e-01	3.890365964042e-01	4.768300013669e-01	1.000000000000e+06	
1.000000000000e+06	1.000000000000e+06	1.000000000000e+06	1.000000000000e+06	4.404914966442e-01	3.356897145296e-01	2.490205656501e-01	1.797422707026e-01	1.271074694707e-01	9.037934815679e-02	6.891099442781e-02	6.335851163596e-02	8.186905393608e-02	1.125978492783e-01	1.544661430766e-01	2.065937500385e-01	2.681569696852e-01	3.383643705557e-01	4.164523565154e-01	5.016855283999e-01	1.000000000000e+06	
1.000000000000e+06	1.000000000000e+06	1.000000000000e+06	1.000000000000e+06	4.571257865488e-01	3.575276256917e-01	2.755182387537e-01	2.103466815711e-01	1.612545637489e-01	1.274974871561e-01	1.084297167983e-01	1.049384159215e-01	1.239982777339e-01	1.548729303248e-01	1.963917277234e-01	2.476588356908e-01	3.078574434835e-01	3.762125310165e-01	4.519819727005e-01	5.344550203486e-01	1.000000000000e+06	
1.000000000000e+06	1.000000000000e+06	1.000000000000e+06	1.000000000000e+06	4.861380614406e-01	3.913985411952e-01	3.136983865037e-01	2.522743944205e-01	2.063587293363e-01	1.751996234789e-01	1.581406120522e-01	1.564907347094e-01	1.757884492582e-01	2.065011940987e-01	2.473812881695e-01	2.975198693482e-01	3.561080447609e-01	4.223881035695e-01	4.956404177099e-01	1.000000000000e+06	1.000000000000e+06	
1.000000000000e+06	1.000000000000e+06	1.000000000000e+06	1.000000000000e+06	5.274029862839e-01	4.371819342555e-01	3.634432375223e-01	3.054138225352e-01	2.623188782444e-01	2.334003078258e-01	2.179826822807e-01	2.178996414908e-01	2.371569208733e-01	2.674247815846e-01	3.073986806167e-01	3.561618947391e-01	4.129156561424e-01	4.769209655988e-01	5.474818111401e-01	1.000000000000e+06	1.000000000000e+06	
1.000000000000e+06	1.000000000000e+06	1.000000000000e+06	1.000000000000e+06	1.000000000000e+06	4.947655278705e-01	4.246439233593e-01	3.696629775680e-01	3.290437754837e-01	3.020241635340e-01	2.879091950380e-01	2.890668421074e-01	3.080421957178e-01	3.376088975947e-01	3.764329220116e-01	4.235970505647e-01	4.783157035582e-01	5.398703174068e-01	1.000000000000e+06	1.000000000000e+06	1.000000000000e+06	
1.000000000000e+06	1.000000000000e+06	1.000000000000e+06	1.000000000000e+06	1.000000000000e+06	1.000000000000e+06	4.972006602436e-01	4.449304185005e-01	4.064537625325e-01	3.810078904470e-01	3.678859775077e-01	3.699237698185e-01	3.884063345030e-01	4.170417927974e-01	4.544966547530e-01	4.998618265599e-01	1.000000000000e+06	1.000000000000e+06	1.000000000000e+06	1.000000000000e+06	1.000000000000e+06	
1.000000000000e+06	1.000000000000e+06	1.000000000000e+06	1.000000000000e+06	1.000000000000e+06	1.000000000000e+06	1.000000000000e+06	5.311367174166e-01	4.944822214880e-01	4.703009511412e-01	4.578829456237e-01	4.604414694997e-01	4.782376396613e-01	5.057353343011e-01	5.416256059246e-01	1.000000000000e+06	1.000000000000e+06	1.000000000000e+06	1.000000000000e+06	1.000000000000e+06	1.000000000000e+06	
1.000000000000e+06	1.000000000000e+06	1.000000000000e+06	1.000000000000e+06	1.000000000000e+06	1.000000000000e+06	1.000000000000e+06	1.000000000000e+06	1.000000000000e+06	1.000000000000e+06	1.000000000000e+06	1.000000000000e+06	1.000000000000e+06	1.000000000000e+06	1.000000000000e+06	1.000000000000e+06	1.000000000000e+06	1.000000000000e+06	1.000000000000e+06	1.000000000000e+06	1.000000000000e+06	
